0.0396
0.0338
0.0323
0.0228
0.0458
0.0565
0.0391
0.0150
0.0439
0.0342
0.0245
0.0160
0.0398
0.0412
0.0325
0.0383
0.0315
0.0357
0.0344
0.0208
0.0328
0.0503
0.0696
0.0189
0.0577
0.0288
0.0267
0.0221
0.0446
0.0421
0.0381
0.0361
0.0326
0.0379
0.0447
0.0226
0.0439
0.0503
0.0681
0.0236
0.0563
0.0469
0.0330
0.0232
0.0470
0.0439
0.0419
0.0235
0.0679
0.0351
0.0386
0.0260
0.1010
0.0512
0.0731
0.0362
0.1116
0.0878
0.0499
0.0310
0.0787
0.0546
0.0319
0.0251
0.1319
0.0504
0.0492
0.0471
0.1608
0.1234
0.0573
0.0539
0.1350
0.0913
0.0616
0.0477
0.0788
0.0394
0.0335
0.0349
0.0912
0.0847
0.0534
0.0315
0.0640
0.1247
0.0423
0.0447
0.0526
0.0546
0.0610
0.0287
0.0477
0.0386
0.0550
0.0214
0.0639
0.0770
0.0430
0.0262
0.0369
0.0483
0.0346
0.0278
0.0255
0.0418
0.0674
0.0230
0.0426
0.0324
0.0509
0.0245
0.0574
0.0445
0.0349
0.0274
0.0413
0.0452
0.0248
0.0194
0.0303
0.0417
0.0483
0.0173
0.0539
0.0377
0.0329
0.0214
0.0287
0.0331
0.0337
0.0181
0.0215
0.0415
0.0420
0.0159
0.0143
0.0237
0.0345
0.0141
0.0375
0.0274
0.0252
0.0086
0.0163
0.0372
0.0370
0.0145
0.0154
0.0383
0.0524
0.0109
0.0151
0.0308
0.0302
0.0123
0.0360
0.0457
0.0279
0.0176
0.0127
0.0425
0.0485
0.0118
0.0279
0.0585
0.0547
0.0104
0.0450
0.0524
0.0537
0.0146
0.0674
0.0678
0.0393
0.0161
0.0752
0.0268
0.0338
0.0249
0.1361
0.0649
0.0384
0.0291
0.1868
0.0826
0.0326
0.0512
0.1298
0.0723
0.0300
0.0319
0.1709
0.0581
0.0405
0.0467
0.2470
0.1164
0.0392
0.0618
0.2137
0.1208
0.0396
0.0615
0.1502
0.0835
0.0418
0.0396
0.1473
0.0537
0.0511
0.0379
0.0925
0.0933
0.0584
0.0303
0.0446
0.0472
0.0413
0.0267
0.0540
0.0235
0.0467
0.0355
0.0681
0.0375
0.0444
0.0234
0.0226
0.0327
0.0455
0.0254
0.0231
0.0238
0.0540
0.0114
0.0341
0.0124
0.0398
0.0339
0.0428
0.0348
0.0396
0.0238
0.0243
0.0340
0.0285
0.0135
0.0161
0.0288
0.0482
0.0140
0.0379
0.0211
0.0390
0.0211
0.0354
0.0339
0.0513
0.0206
0.0291
0.0367
0.0520
0.0204
0.0235
0.0434
0.0509
0.0172
0.0354
0.0335
0.0455
0.0137
0.0438
0.0495
0.0311
0.0187
0.1155
0.1186
0.0724
0.0340
0.1656
0.1208
0.0413
0.0538
0.1156
0.0656
0.0409
0.0437
0.1431
0.1231
0.0582
0.0598
0.2460
0.2358
0.1113
0.0891
0.2464
0.2204
0.1112
0.1091
0.1520
0.1209
0.0490
0.0621
0.1170
0.0849
0.0306
0.0433
0.0923
0.1000
0.0420
0.0294
0.0599
0.0719
0.0765
0.0460
0.0463
0.0363
0.0249
0.0251
0.0414
0.0362
0.0273
0.0272
0.0380
0.0661
0.0493
0.0207
0.0450
0.0519
0.0427
0.0383
0.0438
0.0388
0.0274
0.0290
0.0284
0.0371
0.0265
0.0235
0.0325
0.0564
0.0700
0.0159
0.0315
0.0379
0.0341
0.0269
0.0329
0.0525
0.0413
0.0259
0.0368
0.0471
0.0426
0.0285
0.0246
0.0666
0.0955
0.0157
0.0314
0.0569
0.0455
0.0240
0.0538
0.0691
0.0759
0.0262
0.0549
0.0382
0.0339
0.0281
0.0776
0.0746
0.0957
0.0299
0.0884
0.1120
0.0674
0.0437
0.0913
0.0811
0.0659
0.0223
0.1030
0.0679
0.0483
0.0426
0.1193
0.1327
0.0721
0.0509
0.1179
0.1079
0.0846
0.0588
0.0781
0.0533
0.0693
0.0401
0.0795
0.1080
0.0505
0.0308
0.0501
0.1272
0.0497
0.0306
0.0478
0.0712
0.1088
0.0438
0.0505
0.0369
0.0817
0.0347
0.0541
0.0824
0.0457
0.0340
0.0331
0.0423
0.0457
0.0312
0.0282
0.0606
0.1069
0.0463
0.0399
0.0235
0.0721
0.0318
0.0611
0.0561
0.0324
0.0300
0.0390
0.0445
0.0377
0.0285
0.0351
0.0480
0.0701
0.0346
0.0495
0.0331
0.0586
0.0252
0.0303
0.0317
0.0365
0.0254
0.0287
0.0594
0.0619
0.0269
0.0102
0.0424
0.0501
0.0208
0.0526
0.0365
0.0304
0.0259
0.0268
0.0406
0.0328
0.0155
0.0138
0.0507
0.0712
0.0167
0.0172
0.0470
0.0520
0.0239
0.0386
0.0655
0.0394
0.0228
0.0211
0.0544
0.0486
0.0120
0.0187
0.0995
0.0979
0.0154
0.0353
0.0893
0.0651
0.0196
0.0678
0.0887
0.0533
0.0178
0.0596
0.0308
0.0339
0.0236
0.1047
0.0900
0.0786
0.0400
0.1510
0.1147
0.0493
0.0365
0.1208
0.0796
0.0472
0.0224
0.1398
0.0592
0.0367
0.0495
0.1895
0.1106
0.0559
0.0617
0.1844
0.1307
0.0500
0.0634
0.1386
0.0933
0.0452
0.0408
0.1271
0.0405
0.0511
0.0355
0.0672
0.0768
0.0591
0.0264
0.0449
0.0470
0.0628
0.0396
0.0466
0.0412
0.0844
0.0404
0.0614
0.0384
0.0580
0.0270
0.0288
0.0336
0.0491
0.0271
0.0191
0.0376
0.0864
0.0192
0.0278
0.0394
0.0709
0.0318
0.0496
0.0404
0.0334
0.0342
0.0244
0.0515
0.0341
0.0114
0.0102
0.0384
0.0808
0.0247
0.0383
0.0271
0.0404
0.0197
0.0413
0.0466
0.0622
0.0307
0.0299
0.0369
0.0542
0.0209
0.0218
0.0546
0.0611
0.0216
0.0387
0.0524
0.0611
0.0279
0.0433
0.0357
0.0407
0.0186
0.0980
0.1196
0.0729
0.0307
0.1509
0.1043
0.0568
0.0495
0.1114
0.0652
0.0540
0.0473
0.1243
0.1163
0.0596
0.0498
0.2116
0.2090
0.0880
0.0748
0.2251
0.1937
0.0943
0.1043
0.1418
0.1292
0.0586
0.0575
0.1003
0.0812
0.0365
0.0365
0.0771
0.0820
0.0358
0.0287
0.0566
0.0636
0.0776
0.0559
0.0437
0.0536
0.0335
0.0281
0.0829
0.0568
0.0464
0.0510
0.0352
0.0824
0.0607
0.0388
0.0363
0.0569
0.0480
0.0502
0.0542
0.0521
0.0522
0.0777
0.0582
0.0725
0.0752
0.0509
0.0436
0.0547
0.0903
0.0397
0.0447
0.0576
0.0456
0.0430
0.0540
0.0631
0.0340
0.0610
0.0384
0.0815
0.0662
0.0470
0.0451
0.0711
0.1083
0.0324
0.0492
0.0735
0.0511
0.0368
0.0698
0.1001
0.0760
0.0456
0.0665
0.0599
0.0458
0.0381
0.0997
0.0786
0.1296
0.0465
0.0955
0.1437
0.0954
0.0631
0.0979
0.1208
0.0952
0.0356
0.1273
0.1039
0.0588
0.0396
0.1446
0.1515
0.0937
0.0665
0.1284
0.1422
0.1059
0.0657
0.0859
0.0805
0.1309
0.0553
0.1191
0.1186
0.0486
0.0398
0.0682
0.1273
0.0482
0.0522
0.0660
0.0958
0.1307
0.0574
0.0438
0.0691
0.1005
0.0674
0.0871
0.1296
0.0379
0.0617
0.0618
0.0408
0.0517
0.0507
0.0426
0.0726
0.1158
0.0794
0.0444
0.0693
0.0868
0.0573
0.0905
0.0784
0.0480
0.0500
0.0394
0.0515
0.0504
0.0386
0.0460
0.0583
0.0848
0.0532
0.0721
0.0624
0.0786
0.0540
0.0443
0.0510
0.0466
0.0316
0.0424
0.0732
0.0860
0.0427
0.0090
0.0550
0.0612
0.0195
0.0453
0.0555
0.0529
0.0244
0.0374
0.0693
0.0481
0.0250
0.0274
0.0845
0.1016
0.0196
0.0197
0.0617
0.0462
0.0219
0.0491
0.0745
0.0539
0.0483
0.0168
0.0602
0.0703
0.0209
0.0397
0.1306
0.1361
0.0190
0.0333
0.1095
0.0909
0.0236
0.0695
0.1242
0.0812
0.0344
0.0831
0.0293
0.0560
0.0498
0.1432
0.0969
0.1128
0.0420
0.1452
0.1453
0.0964
0.0433
0.1192
0.1173
0.0481
0.0359
0.1691
0.0780
0.0457
0.0694
0.2142
0.1246
0.0489
0.0631
0.1765
0.1505
0.0659
0.0629
0.1434
0.1153
0.0573
0.0615
0.1579
0.0567
0.0452
0.0464
0.0740
0.0858
0.0652
0.0199
0.0351
0.0527
0.0884
0.0315
0.0514
0.0424
0.0822
0.0678
0.0753
0.0487
0.0584
0.0349
0.0314
0.0432
0.0688
0.0253
0.0370
0.0466
0.1296
0.0553
0.0471
0.0550
0.1003
0.0795
0.0715
0.0433
0.0327
0.0436
0.0338
0.0481
0.0419
0.0215
0.0203
0.0463
0.0965
0.0256
0.0409
0.0405
0.0550
0.0353
0.0430
0.0665
0.0826
0.0336
0.0358
0.0609
0.0850
0.0347
0.0268
0.0756
0.0877
0.0177
0.0396
0.0674
0.0755
0.0140
0.0583
0.0543
0.0508
0.0332
0.1181
0.1462
0.1126
0.0439
0.1572
0.1198
0.0699
0.0480
0.1189
0.0762
0.0759
0.0475
0.1407
0.1434
0.0680
0.0565
0.2448
0.2428
0.1100
0.0920
0.2238
0.2001
0.0998
0.0951
0.1487
0.1387
0.0694
0.0651
0.1149
0.1022
0.0501
0.0482
0.0912
0.0922
0.0513
0.0483
0.0530
0.0713
0.0919
0.0520
0.0490
0.0605
0.0376
0.0319
